300
0
0.310
0.580
0.890
1.100
1.290
1.520
1.780
2.070
2.280
2.560
2.740
3.020
3.320
3.560
3.830
4.090
4.300
4.580
4.880
5.120
5.300
5.520
5.740
6.040
6.310
6.500
6.740
7.060
7.350
7.610
7.930
8.200
8.480
8.740
8.950
9.170
9.480
9.720
9.970
10.260
10.440
10.740
10.990
11.220
11.530
11.710
11.940
12.130
12.390
12.590
12.850
13.100
13.280
13.520
13.730
14.040
14.280
14.480
14.660
14.870
15.160
15.420
15.640
15.890
16.180
16.420
16.610
16.850
17.040
17.360
17.560
17.780
18.010
18.260
18.500
18.680
18.900
19.120
19.340
19.550
19.840
20.040
20.270
20.570
20.870
21.190
21.380
21.610
21.860
22.170
22.430
22.730
23.050
23.360
23.580
23.780
24.100
24.340
24.520
24.710
24.990
25.270
25.470
25.650
25.850
26.140
26.340
26.520
26.730
27.040
27.360
27.590
27.790
28.090
28.270
28.540
28.760
29.050
29.290
29.520
29.840
30.070
30.300
30.480
30.660
30.930
31.190
31.480
31.670
31.970
32.230
32.550
32.860
33.090
33.390
33.640
33.860
34.180
34.420
34.670
34.960
35.190
35.430
35.630
35.830
36.100
36.350
36.580
36.890
37.070
37.360
37.560
37.760
37.950
38.190
38.500
38.720
38.940
39.240
39.550
39.840
40.030
40.280
40.460
40.740
41.040
41.340
41.560
41.790
42.050
42.370
42.680
42.890
43.090
43.300
43.580
43.880
44.160
44.480
44.760
44.980
45.240
45.520
45.840
46.070
46.270
46.550
46.750
46.980
47.270
47.570
47.830
48.030
48.340
48.650
48.910
49.100
49.330
49.540
49.750
50.020
50.220
50.480
50.760
51.010
51.200
51.500
51.790
52.040
52.280
52.570
52.860
53.110
53.370
53.620
53.810
54.120
54.380
54.560
54.770
55.060
55.310
55.620
55.900
56.190
56.420
56.740
56.990
57.240
57.440
57.670
57.970
58.290
58.490
58.730
59.030
59.220
59.460
59.650
59.850
60.070
60.290
60.570
60.830
61.090
61.330
61.560
61.800
62.110
62.360
62.590
62.910
63.090
63.370
63.630
63.890
64.090
64.310
64.500
64.700
64.930
65.250
65.440
65.660
65.890
66.120
66.430
66.630
66.870
67.050
67.290
67.510
67.700
68.000
68.250
68.550
68.770
69.000
69.240
69.540
69.790
69.980
70.250
70.520
70.740
71.060
71.380
71.670
71.880
72.160
72.470
72.690
72.960
73.190
73.440
73.680
73.950
74.260
74.510
74.810
75.130
75.390
75.670
75.950
76.130
76.430
76.640
76.960
77.250
77.480
77.720
78.030
78.260
78.530
78.760
78.950
79.230
79.520
79.740
80.010
80.230
80.500
80.790
81.060
81.340
81.560
81.800
82.080
82.260
82.460
82.690
82.920
83.120
83.340
83.620
83.820
84.070
84.320
84.590
84.770
84.990
85.270
85.490
85.800
85.980
86.210
86.530
86.710
87.020
87.340
87.570
87.870
88.140
88.360
88.640
88.950
89.180
89.360
89.540
89.780
90.050
90.280
90.510
90.820
91.070
91.310
91.560
91.850
92.110
92.290
92.600
92.900
93.160
93.410
93.640
93.820
94.010
94.240
94.470
94.770
95.000
95.260
95.460
95.670
95.910
96.170
96.470
96.770
97.090
97.270
97.500
97.710
97.940
98.190
98.410
98.640
98.960
99.230
99.420
99.730
100.010
100.260
100.470
100.730
101.020
101.310
101.570
101.750
102.040
102.290
102.490
102.730
102.970
103.290
103.550
103.750
104.050
104.300
104.600
104.840
105.040
105.310
105.520
105.710
105.940
106.250
106.440
106.620
106.920
107.210
107.500
107.810
108.120
108.320
108.580
108.790
108.980
109.190
109.480
109.670
109.950
110.200
110.390
110.570
110.860
111.180
111.490
111.690
111.980
112.160
112.420
112.720
112.960
113.250
113.460
113.770
113.950
114.220
114.450
114.660
114.900
115.180
115.500
115.690
116.000
116.300
116.510
116.800
116.980
117.200
117.380
117.580
117.770
118.050
118.240
118.440
118.630
118.900
119.180
119.400
119.590
119.770
120.030
120.290
120.550
120.790
120.990
121.240
121.480
121.680
121.900
122.210
122.520
122.830
123.100
123.330
123.580
123.790
124.010
124.210
124.520
124.790
125.030
125.230
125.490
125.790
126.100
126.390
126.570
126.810
127.060
127.270
127.520
127.710
128.000
128.270
128.540
128.860
129.150
129.460
129.650
129.950
130.130
130.400
130.720
130.910
131.220
131.520
131.760
132.060
132.330
132.620
132.880
133.170
133.490
133.710
133.990
134.290
134.560
134.740
134.970
135.200
135.430
135.740
135.950
136.160
136.340
136.640
136.850
137.050
137.290
137.590
137.810
138.030
138.220
138.470
138.700
138.960
139.140
139.340
139.650
139.910
140.230
140.490
140.690
140.940
141.160
141.420
141.600
141.880
142.190
142.500
142.780
143.090
143.400
143.670
143.950
144.170
144.400
144.720
144.910
145.170
145.390
145.640
145.850
146.040
146.280
146.510
146.770
147.030
147.340
147.560
147.790
148.050
148.270
148.570
148.880
149.060
149.240
149.460
149.650
149.950
150.270
150.530
150.840
151.060
151.340
151.660
151.930
152.190
152.390
152.580
152.870
153.060
153.350
153.640
153.830
154.090
154.280
154.540
154.860
155.100
155.310
155.520
155.750
155.970
156.230
156.430
156.710
156.970
157.170
157.450
157.640
157.890
158.120
158.320
158.600
158.800
159.030
159.350
159.610
159.920
160.140
160.370
160.580
160.860
161.070
161.310
161.580
161.860
162.120
162.430
162.670
162.860
163.120
163.440
163.660
163.850
164.120
164.330
164.550
164.860
165.110
165.360
165.580
165.800
166.120
166.300
166.600
166.850
167.120
167.350
167.550
167.740
167.950
168.160
168.380
168.630
168.860
169.060
169.360
169.580
169.870
170.160
170.390
170.590
170.770
171.010
171.260
171.580
171.890
172.090
172.400
172.710
172.900
173.200
173.470
173.770
173.980
174.280
174.460
174.720
174.910
175.140
175.450
175.650
175.960
176.280
176.490
176.690
176.960
177.180
177.500
177.720
177.970
178.290
178.480
178.700
178.980
179.290
179.560
179.790
179.990
180.200
180.520
180.760
180.940
181.210
181.450
181.740
181.990
182.250
182.500
182.740
183.040
183.300
183.560
183.820
184.060
184.370
184.690
184.870
185.130
185.340
185.560
185.830
186.050
186.250
186.450
186.760
187.070
187.310
187.530
187.790
187.990
188.250
188.480
188.740
189.020
189.290
189.540
189.770
189.970
190.260
190.560
190.810
191.100
191.320
191.560
191.790
192.040
192.310
192.520
192.810
193.130
193.420
193.730
194.030
194.220
194.540
194.840
195.110
195.430
195.740
195.930
196.140
196.420
196.680
196.970
197.270
197.520
197.760
197.990
198.220
198.440
198.730
198.920
199.140
199.410
199.620
199.880
200.060
200.340
200.570
200.750
201.000
201.200
201.410
201.730
201.930
202.110
202.400
202.700
202.910
203.150
203.390
203.710
203.950
204.170
204.390
204.600
204.790
204.990
205.200
205.510
205.770
206.080
206.340
206.610
206.930
207.140
207.350
207.610
207.790
208.050
208.360
208.560
208.750
208.930
209.130
209.310
209.630
209.890
210.100
210.420
210.680
210.960
211.160
211.480
211.740
212.030
212.270
212.540
212.800
213.010
213.210
213.490
213.690
213.890
214.120
214.330
214.520
214.840
215.040
215.260
215.560
215.850
216.100
216.320
216.610
216.850
217.110
217.430
217.750
217.960
218.230
218.490
218.750
219.050
219.290
219.560
219.760
220.050
220.370
220.580
220.840
221.130
221.310
221.610
221.890
222.140
222.330
222.630
222.870
223.090
223.350
223.630
223.930
224.240
224.450
224.700
224.940
225.130
225.410
225.660
225.900
226.200
226.470
226.680
226.860
227.060
227.300
227.500
227.760
228.000
228.210
228.420
228.640
228.920
229.140
229.400
229.670
229.900
230.190
230.410
230.720
230.900
231.150
231.470
231.710
232.020
232.250
232.440
232.680
232.930
233.200
233.430
233.730
233.940
234.240
234.450
234.760
235.070
235.390
235.700
235.880
236.200
236.490
236.690
236.950
237.240
237.490
237.740
238.050
238.250
238.520
238.830
239.120
239.360
239.600
239.780
239.960
240.170
240.420
240.600
240.920
241.160
241.380
241.570
241.810
242.000
242.320
242.580
242.810
243.080
243.300
243.620
243.890
244.160
244.440
244.650
244.910
245.210
245.420
245.600
245.860
246.110
246.360
246.560
246.750
246.940
247.220
247.520
247.800
248.060
248.250
248.570
248.860
249.130
249.400
249.670
249.940
250.260
250.550
250.860
251.070
251.340
251.660
251.860
252.170
252.470
252.790
253.100
253.290
253.490
253.720
254.030
254.300
254.540
254.720
254.930
255.160
255.400
255.670
255.920
256.200
256.480
256.720
257.040
257.300
257.490
257.720
258.020
258.280
258.560
258.820
259.100
259.420
259.600
259.870
260.090
260.270
260.470
260.740
260.980
261.180
261.480
261.720
261.920
262.240
262.500
262.780
263.060
263.310
263.630
263.830
264.050
264.260
264.510
264.830
265.120
265.310
265.590
265.770
265.960
266.250
266.500
266.820
267.010
267.320
267.560
267.830
268.090
268.310
268.630
268.820
269.030
269.250
269.560
269.860
270.180
270.480
270.750
270.980
271.240
271.500
271.820
272.110
272.320
272.590
272.850
273.120
273.410
273.610
273.890
274.170
274.450
274.670
274.910
275.180
275.470
275.780
275.970
276.170
276.460
276.750
276.960
277.140
277.370
277.600
277.890
278.100
278.410
278.710
278.930
279.240
279.480
279.660
279.970
280.150
280.330
280.650
280.910
281.200
281.500
281.780
281.970
282.250
282.570
282.850
283.130
283.310
283.580
283.780
284.030
284.210
284.440
284.640
284.820
285.040
285.350
285.590
285.850
286.170
286.400
286.650
286.840
287.090
287.370
287.600
287.780
288.030
288.290
288.490
288.670
288.870
289.180
289.370
289.630
289.890
290.170
290.400
290.640
290.930
291.170
291.430
291.720
291.940
292.170
292.440
292.620
292.910
293.130
293.390
293.710
293.900
294.180
294.410
294.590
294.900
295.160
295.450
295.760
296.040
296.350
296.590
296.850
297.140
297.390
297.570
297.820
298.070
298.300
298.540
298.750
299.050
299.250
299.430
299.750
